
*********DP Values Table***********

(i, j)        0        1        2        3        4        5        6        7        8        9       10       11       12       13       14       15       16       17       18       19       20   
     1        0        1     2002     2602     3922     4015     4223     6116     7504     7904     8864     9209     9233     9351    12753    18556    24055    24205    24462    30580    30595   
     2       -1        0     2000     2600     3920     4013     4221     6114     7502     7902     8862     9207     9231     9349    12750    18553    24051    24201    24458    30576    30591   
     3       -1       -1        0      300     1110     1172     1321     2613     3608     3908     4653     4929     4949     5048     7850    12352    17151    17301    17558    23676    23691   
     4       -1       -1       -1        0      510      572      721     1922     2708     3008     3753     4029     4049     4148     6950    11152    15951    16101    16358    22476    22491   
     5       -1       -1       -1       -1        0       31      121      812     1598     1898     2626     2833     2849     2929     5338     9423    13829    13979    14236    20322    20337   
     6       -1       -1       -1       -1       -1        0       59      719     1505     1805     2502     2709     2725     2805     5214     9268    13674    13824    14081    20136    20151   
     7       -1       -1       -1       -1       -1       -1        0      601     1387     1687     2325     2532     2548     2628     5030     9032    13431    13581    13838    19841    19856   
     8       -1       -1       -1       -1       -1       -1       -1        0      393      593     1123     1330     1346     1426     3227     7029    11027    11177    11434    17237    17252   
     9       -1       -1       -1       -1       -1       -1       -1       -1        0      100      415      553      565      626     2034     5443     9441     9591     9848    15258    15273   
    10       -1       -1       -1       -1       -1       -1       -1       -1       -1        0      215      353      365      426     1734     5043     9041     9191     9448    14758    14773   
    11       -1       -1       -1       -1       -1       -1       -1       -1       -1       -1        0       69       77      119     1212     4306     8304     8454     8711    13806    13821   
    12       -1       -1       -1       -1       -1       -1       -1       -1       -1       -1       -1        0        4       27     1051     4076     8074     8224     8481    13507    13522   
    13       -1       -1       -1       -1       -1       -1       -1       -1       -1       -1       -1       -1        0       19     1039     4060     8058     8208     8465    13487    13502   
    14       -1       -1       -1       -1       -1       -1       -1       -1       -1       -1       -1       -1       -1        0     1001     4003     8001     8151     8408    13411    13426   
    15       -1       -1       -1       -1       -1       -1       -1       -1       -1       -1       -1       -1       -1       -1        0     2001     5999     6101     6289    10408    10423   
    16       -1       -1       -1       -1       -1       -1       -1       -1       -1       -1       -1       -1       -1       -1       -1        0     1999     2099     2287     6405     6415   
    17       -1       -1       -1       -1       -1       -1       -1       -1       -1       -1       -1       -1       -1       -1       -1       -1        0       50      169     2288     2298   
    18       -1       -1       -1       -1       -1       -1       -1       -1       -1       -1       -1       -1       -1       -1       -1       -1       -1        0       69     2138     2148   
    19       -1       -1       -1       -1       -1       -1       -1       -1       -1       -1       -1       -1       -1       -1       -1       -1       -1       -1        0     2000     2010   
    20       -1       -1       -1       -1       -1       -1       -1       -1       -1       -1       -1       -1       -1       -1       -1       -1       -1       -1       -1        0        5   
    21       -1       -1       -1       -1       -1       -1       -1       -1       -1       -1       -1       -1       -1       -1       -1       -1       -1       -1       -1       -1        0   

*********Roots Table***********

(i, j)      0      1      2      3      4      5      6      7      8      9     10     11     12     13     14     15     16     17     18     19     20 
     1     -1      1      2      2      2      2      2      2      2      2      2      2      2      2      7      7     15     15     15     15     15 
     2     -1     -1      2      2      2      2      2      2      2      2      2      2      2      2      7      7     15     15     15     15     15 
     3     -1     -1     -1      3      4      4      4      4      7      7      7      7      7      7      7     14     15     15     15     15     15 
     4     -1     -1     -1     -1      4      4      4      7      7      7      7      7      7      7      7     14     15     15     15     15     15 
     5     -1     -1     -1     -1     -1      5      6      7      7      7      8      8      8      8      8     14     15     15     15     16     16 
     6     -1     -1     -1     -1     -1     -1      6      7      7      7      8      8      8      8      8     14     15     15     15     16     16 
     7     -1     -1     -1     -1     -1     -1     -1      7      7      7      8      8      8      8     14     14     15     15     15     16     16 
     8     -1     -1     -1     -1     -1     -1     -1     -1      8      8      8      8      8      8     14     15     15     15     15     16     16 
     9     -1     -1     -1     -1     -1     -1     -1     -1     -1      9     10     10     10     10     14     15     15     15     15     16     16 
    10     -1     -1     -1     -1     -1     -1     -1     -1     -1     -1     10     10     10     10     14     15     15     15     15     16     16 
    11     -1     -1     -1     -1     -1     -1     -1     -1     -1     -1     -1     11     11     11     14     15     15     15     15     16     16 
    12     -1     -1     -1     -1     -1     -1     -1     -1     -1     -1     -1     -1     12     13     14     15     15     15     15     16     16 
    13     -1     -1     -1     -1     -1     -1     -1     -1     -1     -1     -1     -1     -1     13     14     15     15     15     15     16     16 
    14     -1     -1     -1     -1     -1     -1     -1     -1     -1     -1     -1     -1     -1     -1     14     15     15     15     15     16     16 
    15     -1     -1     -1     -1     -1     -1     -1     -1     -1     -1     -1     -1     -1     -1     -1     15     15     16     16     16     16 
    16     -1     -1     -1     -1     -1     -1     -1     -1     -1     -1     -1     -1     -1     -1     -1     -1     16     16     16     19     19 
    17     -1     -1     -1     -1     -1     -1     -1     -1     -1     -1     -1     -1     -1     -1     -1     -1     -1     17     18     19     19 
    18     -1     -1     -1     -1     -1     -1     -1     -1     -1     -1     -1     -1     -1     -1     -1     -1     -1     -1     18     19     19 
    19     -1     -1     -1     -1     -1     -1     -1     -1     -1     -1     -1     -1     -1     -1     -1     -1     -1     -1     -1     19     19 
    20     -1     -1     -1     -1     -1     -1     -1     -1     -1     -1     -1     -1     -1     -1     -1     -1     -1     -1     -1     -1     20 
    21     -1     -1     -1     -1     -1     -1     -1     -1     -1     -1     -1     -1     -1     -1     -1     -1     -1     -1     -1     -1     -1 


Optimal BST:
 15
    7
       2
          1
          4
             3
             6
                5
       14
          8
             10
                9
                11
                   13
                      12
    19
       16
          18
             17
       20
